packetNum = 20
senderID = 2
receiverID = 4
packetKey = 4567
sendTime = timeGood
sLon = 121.370493
sLat = 24.944148
dLon = 121.372605
dLat = 24.944498